x = [1 2 4]
v = [2 3 4 5]
y = [6 7 8]
idx = v(1,4)


