x = [1 2 4]
v = [2 3 4 5]